6 26 3

0.103 0.016 0.054 0.060 0.113 0.010 0.010 0.048 0.056 0.003 0.010 0.035 0.014 0.065 0.075 0.013 0.000 0.051 0.083 0.111 0.030 0.008 0.019 0.000 0.016 0.000

1 0 0

0.076 0.010 0.022 0.039 0.151 0.013 0.009 0.009 0.081 0.001 0.000 0.058 0.024 0.074 0.061 0.030 0.011 0.069 0.100 0.074 0.059 0.015 0.000 0.009 0.003 0.003

0 1 0

0.088 0.016 0.030 0.034 0.089 0.004 0.011 0.023 0.071 0.032 0.030 0.025 0.047 0.058 0.093 0.040 0.000 0.062 0.044 0.035 0.039 0.002 0.044 0.000 0.037 0.046

0 0 1

0.078 0.013 0.043 0.043 0.113 0.024 0.023 0.041 0.068 0.000 0.005 0.045 0.024 0.069 0.095 0.020 0.001 0.061 0.080 0.090 0.029 0.015 0.014 0.000 0.008 0.000

1 0 0

0.061 0.005 0.028 0.040 0.161 0.019 0.010 0.010 0.066 0.016 0.000 0.035 0.028 0.092 0.061 0.031 0.019 0.059 0.101 0.064 0.076 0.016 0.000 0.002 0.002 0.000

0 1 0

0.092 0.016 0.038 0.025 0.083 0.000 0.015 0.009 0.087 0.030 0.040 0.032 0.033 0.063 0.085 0.033 0.000 0.049 0.053 0.033 0.025 0.000 0.053 0.000 0.038 0.067

0 0 1